23565508
23508248
23487460
23471046
23458040
23453252
23453208
23453056
23447060
23417460
23385989
23354953
23349364
23341651
23335926
23335016
23333244
23325977
23323543
23286260
23278535
23264988
23226643
23216816
23213183
23170598
23128621
23098510
23082330
23058175
23011373
23001564
22993743
22962077
22954774
22940542
22929104
22898592
22879849
22867588
22858995
22851974
22836023
22830079
22815124
22806175
22788686
22769528
22746311
22745380
22733188
22704108
22684644
22673872
22650457
22638984
22632875
22615932
22610242
22605014
22586540
22582452
22564114
22556621
22550788
22542663
22512745
22501423
22497358
22476949
22453993
22429895
22415241
22408960
22376147
22363511
22351920
22340968
22325523
22314120
22302621
22289841
22281389
22278646
22270599
22261629
22256010
22249591
22247731
22242825
22239559
22234182
22231494
22227098
22219268
